Name,NNZ,GFlops,Time
cant,4007383,3.274534,2.447605
consph,6010480,3.218068,3.735459
cop20k_A,2624331,,
dense2,4000000,,
mac_econ_fwd500,1273389,0.059355,42.907500
mc2depi,2100225,0.037223,112.846947
pdb1HYS,4344765,3.620558,2.400053
pwtk,11634424,3.347503,6.951106
qcd5_4,1916928,,
rail4284,11279748,1.650751,13.666201
rma10,2374001,3.476340,1.365805
scircuit,958936,0.052283,36.682296
shipsec1,7813404,3.447122,4.533291
webbase-1M,3105536,0.029603,209.812140


name:
3.274534
3.218068


0.491907
0.337054
3.620558
3.347503

1.650751
3.476340
0.441606
3.447122
0.260011
